1 1.000000e+00
2 3.000000e+00
3 4.000000e+00
4 1.000000e+01
5 1.600000e+01
6 3.600000e+01
7 6.400000e+01
8 1.360000e+02
9 2.560000e+02
10 5.280000e+02
11 9.880000e+02
12 1.713000e+03
13 2.449000e+03
14 2.989000e+03
15 3.270000e+03
16 3.349000e+03
17 3.302000e+03
18 3.169000e+03
19 3.024000e+03
20 2.853000e+03
21 2.697000e+03
22 2.543000e+03
23 2.426000e+03
24 2.294000e+03
25 2.160000e+03
26 2.035000e+03
27 1.924000e+03
28 1.812000e+03
29 1.702000e+03
30 1.577000e+03
31 1.470000e+03
32 1.366000e+03
33 1.263000e+03
34 1.159000e+03
35 1.062000e+03
36 9.680000e+02
37 8.790000e+02
38 7.930000e+02
39 7.100000e+02
40 6.400000e+02
